/0_reg/4digit/
[1, 1, 1, 1, 1, 1, 1, 1, 1, 1, 1, 1, 1, 1, 1, 1, 1, 1, 1, 1, 1, 1, 1, 1, 1, 1, 1, 1, 1, 1, 1, 1, 1, 1, 1, 1, 1, 1, 1, 1, 1, 1, 1, 1, 2, 2, 2, 2, 2, 2, 3, 3, 3, 3, 4, 4, 4, 5, 5, 5, 7, 7, 7, 7, 7, 7, 7, 7, 7, 7, 8, 8, 9, 9, 9, 10, 10, 11, 13, 14, 16, 16, 22, 22, 22, 22, 22, 23, 23, 24, 25, 34, 35, 37, 44, 90, 193, 765, 2480, 9438]

/0_reg/5digit/
[1, 1, 1, 1, 1, 1, 1, 1, 1, 1, 1, 1, 1, 1, 1, 1, 1, 1, 1, 1, 1, 1, 1, 1, 1, 1, 1, 1, 1, 1, 1, 1, 1, 1, 1, 1, 1, 1, 1, 1, 1, 1, 1, 1, 1, 2, 2, 2, 2, 2, 2, 2, 2, 2, 2, 2, 2, 2, 2, 2, 2, 2, 2, 2, 2, 2, 2, 2, 3, 3, 3, 3, 3, 3, 4, 4, 5, 5, 6, 6, 7, 7, 7, 8, 8, 9, 9, 10, 17, 30, 31, 31, 46, 181, 585, 3466, 5633, 6403, 7114]

/0_reg/6digit/
[1, 1, 1, 1, 1, 1, 1, 1, 1, 1, 1, 1, 1, 1, 1, 1, 1, 1, 1, 1, 1, 1, 1, 1, 1, 1, 1, 1, 1, 1, 1, 1, 1, 1, 1, 1, 1, 1, 1, 1, 1, 1, 1, 1, 1, 1, 1, 1, 1, 1, 1, 1, 1, 1, 1, 1, 1, 1, 1, 1, 1, 1, 1, 1, 1, 2, 2, 2, 2, 2, 2, 2, 2, 2, 3, 3, 3, 4, 4, 8, 11, 16, 27, 31, 36, 675, 1098, 1492, 2269, 96873, 147825]

/2_90/pitch_p90/
[1, 10, 14, 14, 22, 26, 30, 39, 59, 72, 95, 105, 109, 151, 171, 233, 238, 285, 286, 299, 301, 354, 390, 422, 435, 448, 466, 527, 564, 582, 646, 705, 729, 918, 952, 973, 1185, 1271, 1380, 1481, 1598, 1779, 1949, 2317, 2552, 2652, 3363, 3431, 3766, 3871, 3897, 3964, 4212, 4281, 4396, 5195, 6405, 7081, 8802, 9152]

/2_90/yaw_p90/
[1, 5, 10, 21, 30, 40, 40, 53, 63, 65, 82, 87, 91, 97, 101, 105, 128, 150, 158, 181, 220, 242, 244, 275, 290, 294, 309, 316, 358, 359, 364, 386, 398, 409, 418, 435, 440, 452, 486, 492, 495, 497, 519, 560, 587, 590, 593, 637, 687, 708, 989, 1026, 1064, 1307, 1360, 2280, 3588, 3923, 7188, 8083]

/2_90/yaw_p90/
[11, 11, 15, 30, 48, 49, 68, 75, 89, 89, 89, 90, 92, 99, 100, 108, 119, 160, 171, 173, 193, 194, 237, 241, 246, 268, 300, 330, 331, 334, 361, 421, 499, 535, 673, 701, 758, 769, 1008, 1096, 1137, 1243, 1385, 1450, 1843, 1847, 1851, 1896, 2535, 3510]

/2_90/yaw_p90/
[1, 3, 3, 19, 20, 22, 30, 37, 45, 47, 50, 57, 72, 79, 91, 94, 105, 113, 118, 130, 131, 138, 176, 211, 214, 220, 267, 280, 281, 289, 289, 299, 313, 324, 324, 345, 361, 369, 376, 407, 424, 451, 456, 456, 480, 533, 540, 579, 614, 630, 652, 749, 769, 921, 1051, 1514, 1640, 1824, 2285, 4888]

/1_angle/pitch_p60/
[0, 0, 0, 0, 0, 0, 0, 0, 0, 0, 0, 0, 0, 1000000000, 1000000000, 1000000000, 1000000000, 1000000000, 1000000000, 1000000000, 1000000000, 1000000000, 1000000000, 1000000000, 1000000000, 1000000000, 1000000000, 1000000000, 1000000000, 1000000000, 1000000000, 1000000000, 1000000000, 1000000000, 1000000000, 1000000000, 1000000000, 1000000000, 1000000000, 1000000000, 1000000000, 1000000000, 1000000000, 1000000000, 1000000000, 1000000000, 1000000000, 1000000000, 1000000000, 1000000000, 1000000000, 1000000000, 1000000000, 1000000000, 1000000000, 1000000000, 1000000000, 1000000000, 1000000000, 1000000000, 1000000000, 1000000000, 1000000000, 1000000000, 1000000000, 1000000000, 1000000000, 1000000000, 1000000000, 1000000000, 1000000000, 1000000000, 1000000000]

/1_angle/yaw_p45/
[0, 0, 0, 0, 0, 0, 0, 0, 0, 0, 0, 0, 0, 1000000000, 1000000000, 1000000000, 1000000000, 1000000000, 1000000000, 1000000000, 1000000000, 1000000000, 1000000000, 1000000000, 1000000000, 1000000000, 1000000000, 1000000000, 1000000000, 1000000000, 1000000000, 1000000000, 1000000000, 1000000000, 1000000000, 1000000000, 1000000000, 1000000000, 1000000000, 1000000000, 1000000000, 1000000000, 1000000000, 1000000000, 1000000000, 1000000000, 1000000000, 1000000000, 1000000000, 1000000000, 1000000000, 1000000000, 1000000000, 1000000000, 1000000000, 1000000000, 1000000000, 1000000000, 1000000000, 1000000000, 1000000000, 1000000000, 1000000000, 1000000000, 1000000000, 1000000000, 1000000000, 1000000000, 1000000000, 1000000000, 1000000000, 1000000000, 1000000000]

/1_angle/pitch_p60/
[0, 0, 0, 0, 0, 0, 0, 0, 0, 0, 0, 0, 0, 1000000000, 1000000000, 1000000000, 1000000000, 1000000000, 1000000000, 1000000000, 1000000000, 1000000000, 1000000000, 1000000000, 1000000000, 1000000000, 1000000000, 1000000000, 1000000000, 1000000000, 1000000000, 1000000000, 1000000000, 1000000000, 1000000000, 1000000000, 1000000000, 1000000000, 1000000000, 1000000000, 1000000000, 1000000000, 1000000000, 1000000000, 1000000000, 1000000000, 1000000000, 1000000000, 1000000000, 1000000000, 1000000000, 1000000000, 1000000000, 1000000000, 1000000000, 1000000000, 1000000000, 1000000000, 1000000000, 1000000000, 1000000000, 1000000000, 1000000000, 1000000000, 1000000000, 1000000000, 1000000000, 1000000000, 1000000000, 1000000000, 1000000000, 1000000000, 1000000000]

/1_angle/yaw_p45/
[0, 0, 0, 0, 0, 0, 0, 0, 0, 0, 0, 0, 0, 1000000000, 1000000000, 1000000000, 1000000000, 1000000000, 1000000000, 1000000000, 1000000000, 1000000000, 1000000000, 1000000000, 1000000000, 1000000000, 1000000000, 1000000000, 1000000000, 1000000000, 1000000000, 1000000000, 1000000000, 1000000000, 1000000000, 1000000000, 1000000000, 1000000000, 1000000000, 1000000000, 1000000000, 1000000000, 1000000000, 1000000000, 1000000000, 1000000000, 1000000000, 1000000000, 1000000000, 1000000000, 1000000000, 1000000000, 1000000000, 1000000000, 1000000000, 1000000000, 1000000000, 1000000000, 1000000000, 1000000000, 1000000000, 1000000000, 1000000000, 1000000000, 1000000000, 1000000000, 1000000000, 1000000000, 1000000000, 1000000000, 1000000000, 1000000000, 1000000000]


old angle
/1_angle/pitch_p60/
[0, 0, 0, 0, 0, 0, 0, 0, 0, 0, 0, 0, 0, 1000000000, 1000000000, 1000000000, 1000000000, 1000000000, 1000000000, 1000000000, 1000000000, 1000000000, 1000000000, 1000000000, 1000000000, 1000000000, 1000000000, 1000000000, 1000000000, 1000000000, 1000000000, 1000000000, 1000000000, 1000000000, 1000000000, 1000000000, 1000000000, 1000000000, 1000000000, 1000000000, 1000000000, 1000000000, 1000000000, 1000000000, 1000000000, 1000000000, 1000000000, 1000000000, 1000000000, 1000000000, 1000000000, 1000000000, 1000000000, 1000000000, 1000000000, 1000000000, 1000000000, 1000000000, 1000000000, 1000000000, 1000000000, 1000000000, 1000000000, 1000000000, 1000000000, 1000000000, 1000000000, 1000000000, 1000000000, 1000000000, 1000000000, 1000000000, 1000000000]

/1_angle/yaw_p45/
[0, 0, 0, 0, 0, 0, 0, 0, 0, 0, 0, 0, 0, 1000000000, 1000000000, 1000000000, 1000000000, 1000000000, 1000000000, 1000000000, 1000000000, 1000000000, 1000000000, 1000000000, 1000000000, 1000000000, 1000000000, 1000000000, 1000000000, 1000000000, 1000000000, 1000000000, 1000000000, 1000000000, 1000000000, 1000000000, 1000000000, 1000000000, 1000000000, 1000000000, 1000000000, 1000000000, 1000000000, 1000000000, 1000000000, 1000000000, 1000000000, 1000000000, 1000000000, 1000000000, 1000000000, 1000000000, 1000000000, 1000000000, 1000000000, 1000000000, 1000000000, 1000000000, 1000000000, 1000000000, 1000000000, 1000000000, 1000000000, 1000000000, 1000000000, 1000000000, 1000000000, 1000000000, 1000000000, 1000000000, 1000000000, 1000000000, 1000000000]


regular
/1_angle/pitch_p60/
[1, 1, 1, 1, 1, 1, 2, 2, 4, 4, 4, 5, 7, 10, 11, 14, 18, 21, 25, 25, 25, 28, 31, 31, 40, 42, 49, 54, 66, 104, 115, 117, 124, 134, 163, 165, 248, 259, 292, 311, 333, 367, 384, 401, 405, 419, 507, 1408, 2591, 3680, 3930, 4082, 4585, 4849, 4857, 5230, 5288, 5367, 5689, 5890]

/1_angle/yaw_p45/
[1, 1, 1, 1, 1, 1, 1, 1, 1, 1, 2, 2, 2, 2, 2, 3, 3, 3, 3, 4, 5, 5, 6, 8, 8, 13, 16, 22, 22, 26, 29, 33, 54, 67, 80, 83, 83, 86, 100, 101, 101, 111, 134, 134, 135, 144, 189, 201, 205, 267, 337, 384, 452, 700, 2047, 3196, 4579, 6278, 7192, 9605]


fixed?
/1_angle/pitch_p60/
[0, 0, 1000000000, 1000000000, 1000000000, 1000000000, 1000000000, 1000000000, 1000000000, 1000000000, 1000000000, 1000000000, 1000000000, 1000000000, 1000000000, 1000000000, 1000000000, 1000000000, 1000000000, 1000000000, 1000000000, 1000000000, 1000000000, 1000000000, 1000000000, 1000000000, 1000000000, 1000000000, 1000000000, 1000000000, 1000000000, 1000000000, 1000000000, 1000000000, 1000000000, 1000000000, 1000000000, 1000000000, 1000000000, 1000000000, 1000000000, 1000000000, 1000000000, 1000000000, 1000000000, 1000000000, 1000000000, 1000000000, 1000000000, 1000000000, 1000000000, 1000000000, 1000000000, 1000000000, 1000000000, 1000000000, 1000000000, 1000000000, 1000000000, 1000000000, 1000000000, 1000000000]

/1_angle/yaw_p45/
[0, 0, 1000000000, 1000000000, 1000000000, 1000000000, 1000000000, 1000000000, 1000000000, 1000000000, 1000000000, 1000000000, 1000000000, 1000000000, 1000000000, 1000000000, 1000000000, 1000000000, 1000000000, 1000000000, 1000000000, 1000000000, 1000000000, 1000000000, 1000000000, 1000000000, 1000000000, 1000000000, 1000000000, 1000000000, 1000000000, 1000000000, 1000000000, 1000000000, 1000000000, 1000000000, 1000000000, 1000000000, 1000000000, 1000000000, 1000000000, 1000000000, 1000000000, 1000000000, 1000000000, 1000000000, 1000000000, 1000000000, 1000000000, 1000000000, 1000000000, 1000000000, 1000000000, 1000000000, 1000000000, 1000000000, 1000000000, 1000000000, 1000000000, 1000000000, 1000000000, 1000000000]



score bug fixed?
/1_angle/pitch_p60/
[0, 0, 198, 209, 220, 526, 800, 829, 857, 938, 1045, 1237, 1541, 1687, 1995, 2099, 2421, 3009, 3231, 3249, 3334, 3768, 4292, 4396, 4419, 4543, 4686, 4747, 5083, 5139, 5182, 5204, 5294, 5341, 5568, 5602, 5887, 5937, 5975, 6124, 6718, 6720, 6800, 6957, 7240, 7353, 7354, 7441, 8040, 8101, 8767, 8913, 8969, 9137, 9426, 9431, 9496, 9501, 9769, 9795, 9800, 9878]

/1_angle/yaw_p45/
[0, 0, 209, 232, 252, 846, 933, 969, 1031, 1056, 1082, 1237, 1437, 1715, 1813, 1951, 1992, 2988, 3202, 3520, 3746, 3830, 3985, 4201, 4207, 4229, 4243, 4447, 4581, 4822, 5204, 5274, 5374, 5397, 5601, 5755, 5869, 5986, 6186, 6258, 6388, 6555, 6645, 6744, 6991, 7368, 7495, 7576, 8072, 8101, 8415, 8544, 8632, 8969, 9439, 9463, 9463, 9463, 9601, 9769, 9800, 9881]

/1_angle/pitch_p60/
[0, 0, 1000000000, 1000000000, 1000000000, 1000000000, 1000000000, 1000000000, 1000000000, 1000000000, 1000000000, 1000000000, 1000000000, 1000000000, 1000000000, 1000000000, 1000000000, 1000000000, 1000000000, 1000000000, 1000000000, 1000000000, 1000000000, 1000000000, 1000000000, 1000000000, 1000000000, 1000000000, 1000000000, 1000000000, 1000000000, 1000000000, 1000000000, 1000000000, 1000000000, 1000000000, 1000000000, 1000000000, 1000000000, 1000000000, 1000000000, 1000000000, 1000000000, 1000000000, 1000000000, 1000000000, 1000000000, 1000000000, 1000000000, 1000000000, 1000000000, 1000000000, 1000000000, 1000000000, 1000000000, 1000000000, 1000000000, 1000000000, 1000000000, 1000000000, 1000000000, 1000000000]

/1_angle/yaw_p45/
[0, 0, 1000000000, 1000000000, 1000000000, 1000000000, 1000000000, 1000000000, 1000000000, 1000000000, 1000000000, 1000000000, 1000000000, 1000000000, 1000000000, 1000000000, 1000000000, 1000000000, 1000000000, 1000000000, 1000000000, 1000000000, 1000000000, 1000000000, 1000000000, 1000000000, 1000000000, 1000000000, 1000000000, 1000000000, 1000000000, 1000000000, 1000000000, 1000000000, 1000000000, 1000000000, 1000000000, 1000000000, 1000000000, 1000000000, 1000000000, 1000000000, 1000000000, 1000000000, 1000000000, 1000000000, 1000000000, 1000000000, 1000000000, 1000000000, 1000000000, 1000000000, 1000000000, 1000000000, 1000000000, 1000000000, 1000000000, 1000000000, 1000000000, 1000000000, 1000000000, 1000000000]

/1_angle/pitch_p60/
[0, 0, 1000000000, 1000000000, 1000000000, 1000000000, 1000000000, 1000000000, 1000000000, 1000000000, 1000000000, 1000000000, 1000000000, 1000000000, 1000000000, 1000000000, 1000000000, 1000000000, 1000000000, 1000000000, 1000000000, 1000000000, 1000000000, 1000000000, 1000000000, 1000000000, 1000000000, 1000000000, 1000000000, 1000000000, 1000000000, 1000000000, 1000000000, 1000000000, 1000000000, 1000000000, 1000000000, 1000000000, 1000000000, 1000000000, 1000000000, 1000000000, 1000000000, 1000000000, 1000000000, 1000000000, 1000000000, 1000000000, 1000000000, 1000000000, 1000000000, 1000000000, 1000000000, 1000000000, 1000000000, 1000000000, 1000000000, 1000000000, 1000000000, 1000000000, 1000000000, 1000000000]

/1_angle/yaw_p45/
[0, 0, 1000000000, 1000000000, 1000000000, 1000000000, 1000000000, 1000000000, 1000000000, 1000000000, 1000000000, 1000000000, 1000000000, 1000000000, 1000000000, 1000000000, 1000000000, 1000000000, 1000000000, 1000000000, 1000000000, 1000000000, 1000000000, 1000000000, 1000000000, 1000000000, 1000000000, 1000000000, 1000000000, 1000000000, 1000000000, 1000000000, 1000000000, 1000000000, 1000000000, 1000000000, 1000000000, 1000000000, 1000000000, 1000000000, 1000000000, 1000000000, 1000000000, 1000000000, 1000000000, 1000000000, 1000000000, 1000000000, 1000000000, 1000000000, 1000000000, 1000000000, 1000000000, 1000000000, 1000000000, 1000000000, 1000000000, 1000000000, 1000000000, 1000000000, 1000000000, 1000000000]



og guess_angle.py
/1_angle/pitch_p60/
[0, 0, 1000000000, 1000000000, 1000000000, 1000000000, 1000000000, 1000000000, 1000000000, 1000000000, 1000000000, 1000000000, 1000000000, 1000000000, 1000000000, 1000000000, 1000000000, 1000000000, 1000000000, 1000000000, 1000000000, 1000000000, 1000000000, 1000000000, 1000000000, 1000000000, 1000000000, 1000000000, 1000000000, 1000000000, 1000000000, 1000000000, 1000000000, 1000000000, 1000000000, 1000000000, 1000000000, 1000000000, 1000000000, 1000000000, 1000000000, 1000000000, 1000000000, 1000000000, 1000000000, 1000000000, 1000000000, 1000000000, 1000000000, 1000000000, 1000000000, 1000000000, 1000000000, 1000000000, 1000000000, 1000000000, 1000000000, 1000000000, 1000000000, 1000000000, 1000000000, 1000000000]

BRUUHHHH
commnad issue...../1_angle/pitch_p60/
[0, 0, 1000000000, 1000000000, 1000000000, 1000000000, 1000000000, 1000000000, 1000000000, 1000000000, 1000000000, 1000000000, 1000000000, 1000000000, 1000000000, 1000000000, 1000000000, 1000000000, 1000000000, 1000000000, 1000000000, 1000000000, 1000000000, 1000000000, 1000000000, 1000000000, 1000000000, 1000000000, 1000000000, 1000000000, 1000000000, 1000000000, 1000000000, 1000000000, 1000000000, 1000000000, 1000000000, 1000000000, 1000000000, 1000000000, 1000000000, 1000000000, 1000000000, 1000000000, 1000000000, 1000000000, 1000000000, 1000000000, 1000000000, 1000000000, 1000000000, 1000000000, 1000000000, 1000000000, 1000000000, 1000000000, 1000000000, 1000000000, 1000000000, 1000000000, 1000000000, 1000000000]

/1_angle/yaw_p45/
[0, 0, 1000000000, 1000000000, 1000000000, 1000000000, 1000000000, 1000000000, 1000000000, 1000000000, 1000000000, 1000000000, 1000000000, 1000000000, 1000000000, 1000000000, 1000000000, 1000000000, 1000000000, 1000000000, 1000000000, 1000000000, 1000000000, 1000000000, 1000000000, 1000000000, 1000000000, 1000000000, 1000000000, 1000000000, 1000000000, 1000000000, 1000000000, 1000000000, 1000000000, 1000000000, 1000000000, 1000000000, 1000000000, 1000000000, 1000000000, 1000000000, 1000000000, 1000000000, 1000000000, 1000000000, 1000000000, 1000000000, 1000000000, 1000000000, 1000000000, 1000000000, 1000000000, 1000000000, 1000000000, 1000000000, 1000000000, 1000000000, 1000000000, 1000000000, 1000000000, 1000000000]


with regular guess.py../1_angle/pitch_p60/
[1, 1, 1, 1, 1, 1, 2, 2, 4, 4, 4, 5, 7, 10, 11, 14, 18, 21, 25, 25, 25, 28, 31, 31, 40, 42, 49, 54, 66, 104, 115, 117, 124, 134, 163, 165, 248, 259, 292, 311, 333, 367, 384, 401, 405, 419, 507, 1408, 2591, 3680, 3930, 4082, 4585, 4849, 4857, 5230, 5288, 5367, 5689, 5890]

/1_angle/yaw_p45/
[1, 1, 1, 1, 1, 1, 1, 1, 1, 1, 2, 2, 2, 2, 2, 3, 3, 3, 3, 4, 5, 5, 6, 8, 8, 13, 16, 22, 22, 26, 29, 33, 54, 67, 80, 83, 83, 86, 100, 101, 101, 111, 134, 134, 135, 144, 189, 201, 205, 267, 337, 384, 452, 700, 2047, 3196, 4579, 6278, 7192, 9605]

